3
7
F
0
16
3
3
7
F
9
12
3
9
5
W
15
6
3
9
5
W
13
9
3
4
4
A
16
12
3
4
4
A
9
9
3
14
4
H
4
6
3
14
4
4
S
1
0
3
4
4
S
9
1
3
2
1
T
9
3
3
2
1
T
17
8
3
0
0
g
0
0
3
0
0
s
6
13
3
0
0
h
0
5
3
99
0
b
12
17
3
0
0
u
20
6
3
0
0
g
0
1
2
0
0
s
6
12
2
0
0
h
0
6
2
99
0
b
12
18
2
0
0
u
20
5
2
0
0
s
5
13
1
0
0
h
0
4
1
0
0
u
21
6
1
0
0
s
7
12
1
99
0
b
13
18
1
0
0
u
21
5
1
